maxerr = 4.97369e-05

    34691.3    40437.7   -55286.6 7.57841e-07   -539.762
    40437.7     524778    -113430 -7.37294e-08   -1078.17
   -55286.6    -113430     119883 -6.08633e-07    740.017
 7.55781e-07 -7.95808e-08 -5.58866e-07  0.0626773 -3.87483e-08
   -539.762   -1078.17    740.017 -3.84957e-08    6000.32

          0 -4.55313e-13 -1.8576e-13 2.05842e-06 -3.971e-12
 4.55313e-13          0 8.01812e-13 5.85092e-06 -2.41678e-13
 1.8576e-13 -8.01812e-13          0 -4.97394e-05 3.12055e-11
 -2.05842e-06 -5.85096e-06 4.97369e-05          0 -2.52538e-07
  3.971e-12 2.41678e-13 -3.12055e-11 2.52538e-07          0
